{"0":{"0":{"mean":[41.42888941615382,32.59703468832997,-0.6974512475053288],"cov":[[1.5386524727280708,1.140766837866419,-0.04976921784462298],[1.140766837866419,1.0269696094483183,-0.04272328484649461],[-0.04976921784462298,-0.04272328484649461,0.010731348031419355]]},"1":{"mean":[17.40161822569778,12.94794937523416,3.801681362485278],"cov":[[0.15429409871695685,0.008201118101322354,0.007467138225864919],[0.008201118101322354,0.08868069092745999,0.004412510623936837],[0.007467138225864919,0.004412510623936837,0.0032199737812239745]]},"2":{"mean":[17.73225387362977,13.074362719977804,4.527842558395571],"cov":[[0.15753980239146276,0.010482348597156046,0.009675902099447506],[0.010482348597156046,0.09034224925082207,0.006165626294821782],[0.009675902099447506,0.006165626294821782,0.00406454561371151]]},"3":{"mean":[18.324180233539867,13.275477142845334,-0.7115156794868372],"cov":[[0.16330678645451793,0.01443751819430114,-0.003398949952204729],[0.01443751819430114,0.09299516956474377,-0.004517754427083619],[-0.003398949952204729,-0.004517754427083619,0.0023326292793127913]]},"4":{"mean":[18.324180233539867,13.275477142845334,-0.7115156794868372],"cov":[[0.16330678645451793,0.01443751819430114,-0.003398949952204729],[0.01443751819430114,0.09299516956474377,-0.004517754427083619],[-0.003398949952204729,-0.004517754427083619,0.0023326292793127913]]},"5":{"mean":[8.298768665648625,5.271169983341421,1.0647478243585276],"cov":[[0.11720488139124695,-0.021636154417137975,0.000549774846800243],[-0.021636154417137975,0.06270139019704762,-0.0013359262207044116],[0.000549774846800243,-0.0013359262207044116,0.0007303127818416541]]},"6":{"mean":[8.319438246568424,5.24763991846252,1.0299466237754507],"cov":[[0.11722025387877001,-0.02163078530686709,0.0005441036681413951],[-0.02163078530686709,0.06269979566324448,-0.0013408886486456569],[0.0005441036681413951,-0.0013408886486456569,0.0007300223549383894]]},"7":{"mean":[8.306363324372306,5.136911704753353,1.0355359713730672],"cov":[[0.1172059192119674,-0.0216566957055394,0.0005447910902789617],[-0.0216566957055394,0.0626598967563301,-0.0013408369132725862],[0.0005447910902789617,-0.0013408369132725862,0.000725933763688728]]},"8":{"mean":[8.28822173127133,5.063666325307266,1.0372907597231906],"cov":[[0.11718891709914034,-0.021677991078569263,0.0005446901148917334],[-0.021677991078569263,0.06263121704297704,-0.001341218805169372],[0.0005446901148917334,-0.001341218805169372,0.0007227469587791308]]},"9":{"mean":[8.52329419661395,5.1747613815481355,-0.1986012242530299],"cov":[[0.11737928747778255,-0.02155158596852798,0.0003112449827884569],[-0.02155158596852798,0.06273198093072552,-0.0015275521335051839],[0.0003112449827884569,-0.0015275521335051839,0.0007614103656259837]]},"10":{"mean":[8.202078892820056,4.9434217400353795,2.334823247091861],"cov":[[0.11713711621812753,-0.021732024427876015,0.0007617474971153281],[-0.021732024427876015,0.06258652539352372,-0.001167415642046558],[0.0007617474971153281,-0.001167415642046558,0.0007818658843178338]]},"11":{"mean":[8.22831738517268,4.915139130545102,1.074369077098062],"cov":[[0.11713723253818452,-0.021730277159000822,0.0005496659750031201],[-0.021730277159000822,0.06256857747068197,-0.001337769859134221],[0.0005496659750031201,-0.001337769859134221,0.0007157939043536832]]},"12":{"mean":[8.266811334822282,4.93558559264924,0.9996161409445291],"cov":[[0.11716719710893682,-0.021710239073196594,0.0005376890074963086],[-0.021710239073196594,0.06258492187432167,-0.0013473450972151615],[0.0005376890074963086,-0.0013473450972151615,0.0007171462924486224]]},"13":{"mean":[8.249659320750686,4.914307816290233,2.289683664547127],"cov":[[0.11717231319277811,-0.021716553846278627,0.0007597804789718664],[-0.021716553846278627,0.06259029960279644,-0.0011715076642530957],[0.0007597804789718664,-0.0011715076642530957,0.0007803866427058807]]},"14":{"mean":[8.205191482790102,4.871710289854532,2.3354252209780415],"cov":[[0.11713714951708287,-0.02174295673652033,0.0007621791452241332],[-0.02174295673652033,0.0625658552054318,-0.0011697813554900286],[0.0007621791452241332,-0.0011697813554900286,0.0007799800665531152]]},"15":{"mean":[8.205191482790102,4.871710289854532,2.3354252209780415],"cov":[[0.11713714951708287,-0.02174295673652033,0.0007621791452241332],[-0.02174295673652033,0.0625658552054318,-0.0011697813554900286],[0.0007621791452241332,-0.0011697813554900286,0.0007799800665531152]]},"16":{"mean":[8.231649403778084,4.709949566901192,2.056338270495512],"cov":[[0.11714731311662248,-0.02176064424299582,0.0007174172553766158],[-0.02176064424299582,0.06252075205452332,-0.0012107052114319577],[0.0007174172553766158,-0.0012107052114319577,0.0007546737913441901]]},"17":{"mean":[8.28953982710547,4.744273904140249,1.9243580323992144],"cov":[[0.11719180930275894,-0.02173065926198421,0.0007001520708912889],[-0.02173065926198421,0.06254428611861919,-0.0012242737705209516],[0.0007001520708912889,-0.0012242737705209516,0.0007501377267035458]]},"18":{"mean":[8.213528198139972,4.689007285371032,1.9836087941251204],"cov":[[0.11713132919182356,-0.021772046959743045,0.0007032039707471633],[-0.021772046959743045,0.06250883761877324,-0.0012217436849626595],[0.0007032039707471633,-0.0012217436849626595,0.0007478065865681542]]},"19":{"mean":[40.908445109304076,27.209549758330176,0.7178014552199025],"cov":[[1.464024841696954,0.9132811499343166,-0.00011904732337677359],[0.9132811499343166,0.7221838746834873,-0.0018084722130257262],[-0.00011904732337677359,-0.0018084722130257262,0.007833335583058971]]},"20":{"mean":[38.9994166121845,25.491987644607736,-1.2516078730425266],"cov":[[1.2215574225694845,0.7334110172778667,-0.057148143896420985],[0.7334110172778667,0.5882316754867165,-0.04102671760539698],[-0.057148143896420985,-0.04102671760539698,0.010116182058700282]]},"21":{"mean":[48.90227048115262,31.894688919387615,-0.08132430609210614],"cov":[[2.9197141933268633,1.8748394886034707,-0.04722353128706464],[1.8748394886034707,1.3608009582007246,-0.033790603191100346],[-0.04722353128706464,-0.033790603191100346,0.011691753758002178]]},"22":{"mean":[8.240112792799067,4.480403679879488,-0.17580309959405158],"cov":[[0.11712297036608334,-0.02180470760219078,0.00033759847447485853],[-0.02180470760219078,0.06243911653610074,-0.0014955573955670852],[0.00033759847447485853,-0.0014955573955670852,0.0007232863139170801]]},"23":{"mean":[67.91118374900226,43.748822533429866,-0.13605392818135664],"cov":[[10.8622686615968,7.0932043170671015,-0.1392670995452019],[7.0932043170671015,4.801976826536897,-0.09409308762134704],[-0.1392670995452019,-0.09409308762134704,0.022208468674324126]]},"24":{"mean":[17.64931896620985,10.578031090826371,4.538909742842302],"cov":[[0.15644531909054388,0.0039505123066559894,0.009540956329182103],[0.0039505123066559894,0.08087598735085105,0.004728841849809392],[0.009540956329182103,0.004728841849809392,0.003861575743087208]]},"25":{"mean":[40.489454107790436,25.38208885645694,2.315419981216051],"cov":[[1.408345767406304,0.8245975863521533,0.05203291479460586],[0.8245975863521533,0.6268975440556634,0.03258343515541099],[0.05203291479460586,0.03258343515541099,0.009515700603348066]]},"26":{"mean":[19.24121571410646,11.59898924676547,4.7355600619675],"cov":[[0.17441627380915906,0.015730124122132233,0.013076172171357392],[0.015730124122132233,0.08896177884299586,0.007075461775857532],[0.013076172171357392,0.007075461775857532,0.004811682611971159]]},"27":{"mean":[7.807239718447329,4.084371543173009,1.8716434519514125],"cov":[[0.11682337849463918,-0.022016061801269093,0.0006507681070612503],[-0.022016061801269093,0.062257849415401016,-0.0012676181303759584],[0.0006507681070612503,-0.0012676181303759584,0.0007003885491452669]]},"28":{"mean":[36.520935779604955,22.5452486396511,2.621619384356554],"cov":[[0.9609435481748542,0.5254202260781804,0.0451679717490393],[0.5254202260781804,0.4249839390301858,0.02778149500435634],[0.0451679717490393,0.02778149500435634,0.008478192012008307]]},"29":{"mean":[38.28611344420201,23.565642553195467,1.6754351352881802],"cov":[[1.141716310375993,0.6394450073019017,0.026244472757636646],[0.6394450073019017,0.49759519423092907,0.015337330394597545],[0.026244472757636646,0.015337330394597545,0.007288776624223112]]},"30":{"mean":[40.34724496779788,24.81214457411137,0.7144622728968244],"cov":[[1.3881093088147278,0.7960002787180008,-0.00020247380928449066],[0.7960002787180008,0.5979847021654615,-0.0018304576308864242],[-0.00020247380928449066,-0.0018304576308864242,0.007314045883845102]]},"31":{"mean":[37.90445775150702,23.249302381127407,1.9686539943438126],"cov":[[1.1003837694692813,0.610876262791091,0.03325424430305748],[0.610876262791091,0.4777389479161129,0.019827209710767665],[0.03325424430305748,0.019827209710767665,0.007603854878174551]]},"32":{"mean":[36.2877411544782,22.205949466215547,2.6938251006677785],"cov":[[0.9388494963262353,0.506716933810566,0.04596251784402663],[0.506716933810566,0.40986525116124567,0.028058643053815183],[0.04596251784402663,0.028058643053815183,0.008532449113643913]]},"33":{"mean":[39.91119180141256,24.35034770021,-1.354703849018021],"cov":[[1.3306972135346946,0.7533826990790178,-0.06458594203897852],[0.7533826990790178,0.5666539154414743,-0.043176273713301246],[-0.06458594203897852,-0.043176273713301246,0.010647485031637855]]},"34":{"mean":[41.99905333154498,25.712147286485973,1.6603111846417355],"cov":[[1.6172190310439363,0.9376734213988901,0.03425688342762971],[0.9376734213988901,0.686226092169123,0.02032058728263041],[0.03425688342762971,0.02032058728263041,0.00863889366388783]]},"35":{"mean":[41.99905333154498,25.712147286485973,1.6603111846417355],"cov":[[1.6172190310439363,0.9376734213988901,0.03425688342762971],[0.9376734213988901,0.686226092169123,0.02032058728263041],[0.03425688342762971,0.02032058728263041,0.00863889366388783]]},"36":{"mean":[10.782187711728414,5.805662777743842,-1.1234678040607906],"cov":[[0.1204638184465741,-0.019780591993409594,-0.00035084981338836174],[-0.019780591993409594,0.06392822614532385,-0.0019442003828111247],[-0.00035084981338836174,-0.0019442003828111247,0.0010632144656958508]]},"37":{"mean":[38.7347865158589,23.656975540045103,4.1956662750548],"cov":[[1.1938977457591924,0.6675183970471273,0.09899880049365498],[0.6675183970471273,0.5123166231776402,0.06204634701911965],[0.09899880049365498,0.06204634701911965,0.015853492888228293]]},"38":{"mean":[40.04929493489762,24.452821129380265,3.1072429445916723],"cov":[[1.3517040205463722,0.7672606194321742,0.07531195519093932],[0.7672606194321742,0.5759182455989802,0.046696926810906765],[0.07531195519093932,0.046696926810906765,0.011766061387621764]]},"39":{"mean":[39.804142140646896,24.220960995433213,1.7750425578289626],"cov":[[1.3197502720118115,0.7445035769403759,0.03262867364046789],[0.7445035769403759,0.5597090032891775,0.019207715296017364],[0.03262867364046789,0.019207715296017364,0.007961466087201935]]},"40":{"mean":[42.7263585195915,25.996324331941228,1.7834677789535864],"cov":[[1.726994346846938,1.001014380667577,0.04084520288680741],[1.001014380667577,0.722662543807744,0.02437740459084479],[0.04084520288680741,0.02437740459084479,0.009126382243310673]]},"41":{"mean":[43.615443018815895,26.485028188369956,3.6301657365505804],"cov":[[1.8711796985482378,1.0895873091189479,0.11943549755122175],[1.0895873091189479,0.7774788309097537,0.074322639083884],[0.11943549755122175,0.074322639083884,0.01654946198707022]]},"42":{"mean":[41.75426889677992,25.11508212040958,-0.9157476372847395],"cov":[[1.5788753992438438,0.8973895401574368,-0.058643261386856556],[0.8973895401574368,0.6502253733810239,-0.038749634399157275],[-0.058643261386856556,-0.038749634399157275,0.010118404749198763]]},"43":{"mean":[41.75426889677992,25.11508212040958,-0.9157476372847395],"cov":[[1.5788753992438438,0.8973895401574368,-0.058643261386856556],[0.8973895401574368,0.6502253733810239,-0.038749634399157275],[-0.058643261386856556,-0.038749634399157275,0.010118404749198763]]},"44":{"mean":[42.069964731068495,25.29687927438147,-1.3067703139099762],"cov":[[1.6245446322800425,0.925527891911948,-0.0743498780847469],[0.925527891911948,0.6677072880110205,-0.0486424800237287],[-0.0743498780847469,-0.0486424800237287,0.01155901391260145]]},"45":{"mean":[42.17059724553677,25.453854874363635,4.350301362550632],"cov":[[1.6448787453729992,0.9417634826417582,0.13438314066003737],[0.9417634826417582,0.6802551453587665,0.08347362261488254],[0.13438314066003737,0.08347362261488254,0.01970751818805647]]},"46":{"mean":[42.137245892630055,25.438243956890513,4.598812722407741],"cov":[[1.6401588704240846,0.9389793318656342,0.14326114506365906],[0.9389793318656342,0.6786159909298458,0.08911936972428956],[0.14326114506365906,0.08911936972428956,0.021358717150036923]]},"47":{"mean":[40.82112691489589,24.536001418493253,2.94760219077078],"cov":[[1.4522422989484016,0.8179166814057824,0.07450662134493498],[0.8179166814057824,0.5999331089031653,0.04541029733107965],[0.07450662134493498,0.04541029733107965,0.011533617760907718]]},"48":{"mean":[57.049510487913565,34.414177150672955,1.266510641836341],"cov":[[5.384645973449572,3.2637789298930984,0.05041378695800571],[3.2637789298930984,2.1302780711200238,0.02983743197410219],[0.05041378695800571,0.02983743197410219,0.014506505581960663]]},"49":{"mean":[40.16788358131004,23.926401243614848,1.4864929116424836],"cov":[[1.3650863039704435,0.7567402895881344,0.024358454525415102],[0.7567402895881344,0.5570673351455367,0.013587206733138334],[0.024358454525415102,0.013587206733138334,0.0076009348876917475]]},"50":{"mean":[41.884337179010465,25.014784911642824,3.3511574820055876],"cov":[[1.6015266011331868,0.9050564497546526,0.09528200930581916],[0.9050564497546526,0.6509691813467731,0.05809452807413081],[0.09528200930581916,0.05809452807413081,0.013840166530770259]]},"51":{"mean":[38.49312534787466,22.85566552252592,2.2775283301657385],"cov":[[1.164677116091395,0.630835374285987,0.04346823872551187],[0.630835374285987,0.47720767791619173,0.02554918792277775],[0.04346823872551187,0.02554918792277775,0.008364862832863291]]},"52":{"mean":[41.38345872358735,24.667791639898912,4.1442337125278135],"cov":[[1.530519806461102,0.8594652033214364,0.11956811082196965],[0.8594652033214364,0.6214867975119062,0.0732363228169413],[0.11956811082196965,0.0732363228169413,0.01767253178568279]]},"53":{"mean":[40.3241246026295,23.859430301719765,-1.237302533052966],"cov":[[1.38286837934168,0.7625752641996841,-0.06290631175355074],[0.7625752641996841,0.5574514211975389,-0.04087530485667866],[-0.06290631175355074,-0.04087530485667866,0.01036007244421437]]},"54":{"mean":[40.3241246026295,23.859430301719765,-1.237302533052966],"cov":[[1.38286837934168,0.7625752641996841,-0.06290631175355074],[0.7625752641996841,0.5574514211975389,-0.04087530485667866],[-0.06290631175355074,-0.04087530485667866,0.01036007244421437]]},"55":{"mean":[40.88598776587067,24.266065128926456,4.037927477949933],"cov":[[1.4617277562522004,0.813450179377285,0.11160244793585566],[0.813450179377285,0.5905756106726415,0.06799384017913412],[0.11160244793585566,0.06799384017913412,0.016631220296812792]]},"56":{"mean":[39.01200381685499,23.049405081482064,2.5328195819741985],"cov":[[1.2242579585803959,0.6642508431927479,0.05271806994512235],[0.6642508431927479,0.4959183281139284,0.03116429754662187],[0.05271806994512235,0.03116429754662187,0.009222433719345299]]},"57":{"mean":[40.65539552513038,23.951820723832864,-1.0546216364811578],"cov":[[1.426347502296901,0.7858438469538916,-0.05851777741877559],[0.7858438469538916,0.5697106342731769,-0.03797127845035086],[-0.05851777741877559,-0.03797127845035086,0.009936408902188701]]},"58":{"mean":[40.65539552513038,23.951820723832864,-1.0546216364811578],"cov":[[1.426347502296901,0.7858438469538916,-0.05851777741877559],[0.7858438469538916,0.5697106342731769,-0.03797127845035086],[-0.05851777741877559,-0.03797127845035086,0.009936408902188701]]},"59":{"mean":[39.71454423230011,23.3479054538085,-0.038451322546123434],"cov":[[1.3066663977036592,0.7112085777410119,-0.023261086742812787],[0.7112085777410119,0.5227230735941818,-0.016097034429928336],[-0.023261086742812787,-0.016097034429928336,0.007418885652161022]]},"60":{"mean":[46.43545078881568,27.439395978768765,1.995583909815449],"cov":[[2.3830516207501984,1.3729208250674472,0.06325192902014361],[1.3729208250674472,0.9328380204150708,0.037400100845672295],[0.06325192902014361,0.037400100845672295,0.01110681722863283]]},"61":{"mean":[37.364186972024015,21.881516366415724,2.0864894475560125],"cov":[[1.0433097696101485,0.5482600839421241,0.0348069638335055],[0.5482600839421241,0.42087232310387873,0.019869865793263487],[0.0348069638335055,0.019869865793263487,0.00747292169630134]]},"62":{"mean":[50.816396896362804,30.09709778082353,3.539197808324221],"cov":[[3.3997189516250916,1.9967519753493639,0.18506683145512703],[1.9967519753493639,1.3180854624457512,0.11248688450892884],[0.18506683145512703,0.11248688450892884,0.02156671586819598]]},"63":{"mean":[40.22512969430604,23.514627551264173,-0.5436226395242226],"cov":[[1.3704721862414697,0.7458716850386424,-0.04032139191303382],[0.7458716850386424,0.5414081308108522,-0.02651050959222329],[-0.04032139191303382,-0.02651050959222329,0.008427497181584868]]},"64":{"mean":[43.84280549293876,25.718046282632077,4.607260361578365],"cov":[[1.9093343345852962,1.0758135632410473,0.1622006690950219],[1.0758135632410473,0.7452506210132075,0.09809312922497716],[0.1622006690950219,0.09809312922497716,0.023060520892186322]]},"65":{"mean":[41.62252406428877,24.257096657704267,0.13968603395333348],"cov":[[1.560339459215949,0.8583033752176663,-0.02065360499711186],[0.8583033752176663,0.608523034448669,-0.014338831769803355],[-0.02065360499711186,-0.014338831769803355,0.007861845046152423]]},"66":{"mean":[40.64610427739315,23.632095813256473,-0.21863089143033348],"cov":[[1.4255892559746741,0.7750622002049634,-0.0309577520938983],[0.7750622002049634,0.5566417099421419,-0.0206322697619268],[-0.0309577520938983,-0.0206322697619268,0.00797238506000354]]},"67":{"mean":[42.048772038434905,24.450029539094082,-1.2885363153688363],"cov":[[1.620791625209987,0.8927618970343884,-0.07354138099429347],[0.8927618970343884,0.6282546199683804,-0.04662515784645286],[-0.07354138099429347,-0.04662515784645286,0.011353925975629295]]},"68":{"mean":[40.70993370310518,23.57020626103518,1.542091247817738],"cov":[[1.435492345587405,0.7777690002992522,0.027208347288174208],[0.7777690002992522,0.5562727535165325,0.014905325837349492],[0.027208347288174208,0.014905325837349492,0.007769865514848039]]},"69":{"mean":[42.47443570439342,24.39307268388272,0.8645529106962622],"cov":[[1.6862635809122979,0.9207327959882072,0.005355490218028278],[0.9207327959882072,0.6382174758141689,0.0015544519524611335],[0.005355490218028278,0.0015544519524611335,0.007807785092812065]]},"70":{"mean":[44.48797272176447,25.470451347316285,-0.9829238079673728],"cov":[[2.013372468189977,1.1117008975455225,-0.074338682735073],[1.1117008975455225,0.7505532033224077,-0.04630054915163503],[-0.074338682735073,-0.04630054915163503,0.01145868166182692]]},"71":{"mean":[50.66613362640781,29.17710948653836,4.279161586536857],"cov":[[3.3602916026112455,1.918582069914206,0.23167780126800397],[1.918582069914206,1.2372739765562664,0.1373846257712034],[0.23167780126800397,0.1373846257712034,0.027489625246697083]]},"72":{"mean":[51.68222629206676,29.74708471180314,3.5577945596173848],"cov":[[3.633867524289532,2.0797760251567734,0.19616554200956135],[2.0797760251567734,1.3327678822495121,0.11591428887612062],[0.19616554200956135,0.11591428887612062,0.022284557376828093]]},"73":{"mean":[41.71535056842642,23.587451300869475,-1.2820340745466878],"cov":[[1.5718067045515929,0.839456608747307,-0.07148788496165547],[0.839456608747307,0.5814867018907726,-0.044202818110071984],[-0.07148788496165547,-0.044202818110071984,0.011058343845636611]]},"74":{"mean":[41.079443701063866,23.218577053202107,-0.9655510359252921],"cov":[[1.482889244292062,0.7870110573858045,-0.057392106767093755],[0.7870110573858045,0.5502632061195017,-0.035830811494017595],[-0.057392106767093755,-0.035830811494017595,0.00972933550543019]]},"75":{"mean":[42.923400155841236,24.28912557078057,0.10423630531437657],"cov":[[1.7545800167689938,0.947276619999322,-0.024137270481154396],[0.947276619999322,0.6456421182356361,-0.016022708224678342],[-0.024137270481154396,-0.016022708224678342,0.008265076802668036]]},"76":{"mean":[19.142786411649798,10.366150358011557,3.2957875122907754],"cov":[[0.17287019599786452,0.011174369388828362,0.008382821025206237],[0.011174369388828362,0.0835818785309282,0.003412002171074034],[0.008382821025206237,0.003412002171074034,0.0030308935867489318]]},"77":{"mean":[46.148930177638206,26.064506188998863,-0.8820653297219557],"cov":[[2.321418948132341,1.2766243334502674,-0.0783835718735925],[1.2766243334502674,0.838481460558762,-0.04802257666218476],[-0.0783835718735925,-0.04802257666218476,0.011881352628599767]]},"78":{"mean":[41.552154050891495,23.381756252017105,0.3517260702452236],"cov":[[1.5498881853971465,0.8226316094509526,-0.01305914468972491],[0.8226316094509526,0.5691332121805329,-0.009405887586303608],[-0.01305914468972491,-0.009405887586303608,0.007534846152272471]]},"79":{"mean":[47.09051687417522,26.614010627283417,0.5757143745811448],"cov":[[2.514012683028094,1.3899179045787418,-0.007804761996235705],[1.3899179045787418,0.9056042868184586,-0.006285112519426264],[-0.007804761996235705,-0.006285112519426264,0.009433776512885862]]},"80":{"mean":[17.20097540609091,9.176493517844142,3.3269170490371094],"cov":[[0.15202964534709465,-0.0013208336524323312,0.006140055470294039],[-0.0013208336524323312,0.07569874495419703,0.002048176741395837],[0.006140055470294039,0.002048176741395837,0.0025323868519849142]]},"81":{"mean":[17.65374683768969,9.399851112561828,3.259346465407956],"cov":[[0.15625949305859138,0.0010850352049328908,0.006476436365498289],[0.0010850352049328908,0.07714312271228117,0.0022332633744310253],[0.006476436365498289,0.0022332633744310253,0.0025958650478160174]]},"82":{"mean":[47.42593058211749,26.5561302991277,1.146546322838597],"cov":[[2.585384943283719,1.4184522411201714,0.022324611186574795],[1.4184522411201714,0.9145955468663169,0.011406100123912253],[0.022324611186574795,0.011406100123912253,0.009689220161615804]]},"83":{"mean":[45.73807154784506,25.499984128595134,-1.5351739152111201],"cov":[[2.240800797311145,1.2138267261916422,-0.10716078464949802],[1.2138267261916422,0.7922436389105982,-0.06426444952998958],[-0.10716078464949802,-0.06426444952998958,0.014325604681629066]]},"84":{"mean":[38.74382406181222,21.44846830722073,1.411855895979769],"cov":[[1.1915004195060213,0.6032835345496605,0.019690072822853188],[0.6032835345496605,0.4337971413262136,0.00985214565164305],[0.019690072822853188,0.00985214565164305,0.006799190592525303]]},"85":{"mean":[45.72864874338114,25.407419703628975,-0.17447581190847092],"cov":[[2.2405509549963534,1.2095668735671787,-0.04265566111736854],[1.2095668735671787,0.7873280631980756,-0.026500256843575782],[-0.04265566111736854,-0.026500256843575782,0.009705451792382157]]},"86":{"mean":[45.72864874338114,25.407419703628975,-0.17447581190847092],"cov":[[2.2405509549963534,1.2095668735671787,-0.04265566111736854],[1.2095668735671787,0.7873280631980756,-0.026500256843575782],[-0.04265566111736854,-0.026500256843575782,0.009705451792382157]]},"87":{"mean":[46.18266733916164,25.57445786887549,-0.411072570850684],"cov":[[2.32812481677475,1.255704167480835,-0.055547536215867714],[1.255704167480835,0.8115831266647273,-0.033884742333909514],[-0.055547536215867714,-0.033884742333909514,0.010405246792836218]]},"88":{"mean":[43.07824479693185,23.783224250728654,2.5341784874162454],"cov":[[1.7809849909765056,0.9393713111149753,0.07150282310796742],[0.9393713111149753,0.6272278007702735,0.039825101510166376],[0.07150282310796742,0.039825101510166376,0.010919508134949057]]},"89":{"mean":[47.1850890769816,26.027702496827608,-0.633502280228076],"cov":[[2.5315592460927943,1.366794648624911,-0.07099121545706394],[1.366794648624911,0.8725096135310654,-0.04264346857842924],[-0.07099121545706394,-0.04264346857842924,0.011462299811872044]]},"90":{"mean":[47.1850890769816,26.027702496827608,-0.633502280228076],"cov":[[2.5315592460927943,1.366794648624911,-0.07099121545706394],[1.366794648624911,0.8725096135310654,-0.04264346857842924],[-0.07099121545706394,-0.04264346857842924,0.011462299811872044]]},"91":{"mean":[43.89086423844993,23.923782039017325,0.6633921281083971],"cov":[[1.9115949289310756,1.0011995146316641,-0.002528391020780715],[1.0011995146316641,0.6554029916927029,-0.003109301881439083],[-0.002528391020780715,-0.003109301881439083,0.008103612743306345]]},"92":{"mean":[8.769669352500978,4.005018269852048,-0.9813517290025058],"cov":[[0.11756605240757499,-0.021683282152536974,0.00012458240278954836],[-0.021683282152536974,0.06242991289552181,-0.0016065059433630268],[0.00012458240278954836,-0.0016065059433630268,0.0008081508560547858]]},"93":{"mean":[46.10467412271611,24.960193677570192,-0.5622008061234245],"cov":[[2.312079617608746,1.2188070533303992,-0.06258497078527762],[1.2188070533303992,0.7743730371044547,-0.03716917558675143],[-0.06258497078527762,-0.03716917558675143,0.010682822970040152]]},"94":{"mean":[41.420456208935406,22.2928372413809,-0.637284296297718],"cov":[[1.5296624466106712,0.7754890009456464,-0.04742242292384],[0.7754890009456464,0.5210237053932946,-0.028555801169087763],[-0.04742242292384,-0.028555801169087763,0.008854310033752581]]},"95":{"mean":[44.986476413365985,24.27987336638895,1.1662215803069211],"cov":[[2.1033537606185133,1.0985484902578497,0.019912778762007116],[1.0985484902578497,0.7045611109033267,0.009619029566271989],[0.019912778762007116,0.009619029566271989,0.008642603976330356]]},"96":{"mean":[45.31578198994227,24.41406384568549,0.8971327082743193],"cov":[[2.163419231716509,1.1300902155382617,0.007943029226636363],[1.1300902155382617,0.7211693605382486,0.0028311712179797783],[0.007943029226636363,0.0028311712179797783,0.008588933576280449]]},"97":{"mean":[43.03585180877532,22.877835257210343,-1.2129779844768418],"cov":[[1.7697898428779721,0.8983843272037254,-0.07601842870569596],[0.8983843272037254,0.5839496709804184,-0.0441698444326919],[-0.07601842870569596,-0.0441698444326919,0.011280337310756172]]},"98":{"mean":[43.919542737668195,23.348664141681358,1.2317818401392409],"cov":[[1.9165218263770998,0.9792933320867648,0.02126393719525992],[0.9792933320867648,0.6289509707051021,0.01022587293252754],[0.02126393719525992,0.01022587293252754,0.008267074382772239]]},"99":{"mean":[43.01236984736556,22.665567563657632,-1.5269332800819475],"cov":[[1.765611139924164,0.8882628762073607,-0.08817092723885886],[0.8882628762073607,0.5739292178757905,-0.05054516603288912],[-0.08817092723885886,-0.05054516603288912,0.012478429412751964]]},"100":{"mean":[42.82948691979694,22.272956792215183,-0.48207543844781936],"cov":[[1.7377416238328243,0.86160275555885,-0.046628187048591195],[0.86160275555885,0.5528690081617136,-0.02718008072992637],[-0.046628187048591195,-0.02718008072992637,0.008958962411131699]]},"101":{"mean":[42.82948691979694,22.272956792215183,-0.48207543844781936],"cov":[[1.7377416238328243,0.86160275555885,-0.046628187048591195],[0.86160275555885,0.5528690081617136,-0.02718008072992637],[-0.046628187048591195,-0.02718008072992637,0.008958962411131699]]},"102":{"mean":[41.561058562278895,21.334983212361788,-0.7734872693381458],"cov":[[1.548633164496354,0.7497316513360255,-0.05270240992834442],[0.7497316513360255,0.48652090215229754,-0.030186264307052645],[-0.05270240992834442,-0.030186264307052645,0.0091162128956191]]},"103":{"mean":[40.64329280109972,20.779371722777448,-0.9897288432499064],"cov":[[1.4225896801196787,0.6797157917947041,-0.05625178962369539],[0.6797157917947041,0.4472656930863587,-0.032024571245324776],[-0.05625178962369539,-0.032024571245324776,0.00930646818977731]]},"104":{"mean":[4.28384917876581,1.4065140059824308,1.3793040671846224],"cov":[[0.1157367483354096,-0.022660909371116127,0.0005035749296003093],[-0.022660909371116127,0.061617175198716206,-0.001371610876665478],[0.0005035749296003093,-0.001371610876665478,0.0004954312364543733]]},"105":{"mean":[40.459199820238624,20.489046710784564,-1.4929215719110553],"cov":[[1.397849004916185,0.660210879778306,-0.07174462382462249],[0.660210879778306,0.4333427594868923,-0.04004133844536126],[-0.07174462382462249,-0.04004133844536126,0.010842324172167659]]},"106":{"mean":[37.292016783406396,18.891440052039428,5.059325813624286],"cov":[[1.036283671867704,0.4696462704070873,0.10978214387408591],[0.4696462704070873,0.33181002877965,0.05741028023078373],[0.10978214387408591,0.05741028023078373,0.018921160407340907]]},"107":{"mean":[22.23387095581632,10.913095342386919,5.570302233935675],"cov":[[0.22322396784369608,0.03478558999371295,0.0246258942147734],[0.03478558999371295,0.09478010057301679,0.011752743992772619],[0.0246258942147734,0.011752743992772619,0.007917484104345302]]},"108":{"mean":[21.573337211976604,10.52660465142674,5.586161082692518],"cov":[[0.21044371817707921,0.02777420538424431,0.022487540999984082],[0.02777420538424431,0.09078677156244139,0.010561163582842465],[0.022487540999984082,0.010561163582842465,0.007493821893624212]]},"109":{"mean":[21.96625259369037,10.548809763484558,5.812913084659455],"cov":[[0.217905942580004,0.030870238885943813,0.024882635185158868],[0.030870238885943813,0.0920376012202706,0.011637481277513614],[0.024882635185158868,0.011637481277513614,0.008278916724533448]]},"110":{"mean":[22.1279072623824,10.599391840634588,5.75431851949375],"cov":[[0.2210827627435733,0.032376675286308915,0.025167720454275542],[0.032376675286308915,0.09277066933407876,0.011747498103459562],[0.025167720454275542,0.011747498103459562,0.008256663937774435]]},"111":{"mean":[24.632929518533675,10.7549979308315,1.1343231827582623],"cov":[[0.2796282092908034,0.055268583873701066,0.0032080213268675002],[0.055268583873701066,0.10131488675429667,-7.019761242899583e-5],[0.0032080213268675002,-7.019761242899583e-5,0.002699087328361076]]},"112":{"mean":[26.88651747098303,11.683192609825138,1.0260338639530389],"cov":[[0.35190702566055604,0.0884498153781614,0.003097390900636454],[0.0884498153781614,0.11703570198660634,-0.00013951623362953042],[0.003097390900636454,-0.00013951623362953042,0.0031028738961112966]]},"113":{"mean":[25.30903325345424,10.906602513101788,1.267460494839558],"cov":[[0.2992696199908493,0.06336913730601601,0.0044494434193852374],[0.06336913730601601,0.10471186037852602,0.0004995290088186061],[0.0044494434193852374,0.0004995290088186061,0.002854659836845672]]},"114":{"mean":[26.407869162571295,11.287385660940652,1.0874854666874803],"cov":[[0.3348379690038087,0.07894464487509442,0.0034786732657982582],[0.07894464487509442,0.11173511269319729,2.2149346270344122e-5],[0.0034786732657982582,2.2149346270344122e-5,0.0030090918113543455]]},"115":{"mean":[25.470501783104034,10.826874429373692,1.5823758966291805],"cov":[[0.3042456542492623,0.06452440103373927,0.006937266779203474],[0.06452440103373927,0.10472297011390047,0.0016390446456052267],[0.006937266779203474,0.0016390446456052267,0.003013633875943134]]},"116":{"mean":[26.25272714563737,11.029684065712305,1.2906005177466366],"cov":[[0.3295226598482601,0.0749178724744626,0.005130219359649246],[0.0749178724744626,0.10908827626576985,0.0007628209422333037],[0.005130219359649246,0.0007628209422333037,0.0030282516809599226]]},"117":{"mean":[26.25272714563737,11.029684065712305,1.2906005177466366],"cov":[[0.3295226598482601,0.0749178724744626,0.005130219359649246],[0.0749178724744626,0.10908827626576985,0.0007628209422333037],[0.005130219359649246,0.0007628209422333037,0.0030282516809599226]]},"118":{"mean":[16.867197139006887,6.680077536823382,-0.5934406648652135],"cov":[[0.1486935222383213,-0.007891460913093661,-0.0022251243502502548],[-0.007891460913093661,0.0693703458006213,-0.0026329693112124753],[-0.0022251243502502548,-0.0026329693112124753,0.0016753556549848501]]},"119":{"mean":[24.641434213317083,10.218949672799031,4.188693019959849],"cov":[[0.2803531324927202,0.05188238554963695,0.02429551907965539],[0.05188238554963695,0.09798927099332923,0.009545086104215025],[0.02429551907965539,0.009545086104215025,0.006153575041056296]]},"120":{"mean":[20.662494738294914,8.467782454806606,5.214783373765198],"cov":[[0.1944923463235199,0.01307946038116869,0.018155202974651726],[0.01307946038116869,0.07970281186589373,0.006799274719362489],[0.018155202974651726,0.006799274719362489,0.006078038550317493]]},"121":{"mean":[23.645062723326276,9.648066243296508,3.8114946321181664],"cov":[[0.254160055848859,0.03926783526777899,0.019084953157361098],[0.03926783526777899,0.09169907171830834,0.007061120310873533],[0.019084953157361098,0.007061120310873533,0.005007740199192387]]},"122":{"mean":[15.074516150844566,5.6731902685383115,-0.36062460248303535],"cov":[[0.1360664176051234,-0.013864201510331712,-0.0010612908510117106],[-0.013864201510331712,0.0662894265294038,-0.002076339348432356],[-0.0010612908510117106,-0.002076339348432356,0.0013527155377410077]]},"123":{"mean":[25.45161947650432,10.11764817348095,3.624171342586613],"cov":[[0.30395587657480366,0.05904830630285704,0.02252293961553163],[0.05904830630285704,0.09979311160354142,0.008303334301640672],[0.02252293961553163,0.008303334301640672,0.005382135296295401]]},"124":{"mean":[15.162034980144314,5.646431925035292,-0.9806691009221902],"cov":[[0.1365563812498308,-0.01374347157532738,-0.0019763073803924533],[-0.01374347157532738,0.06631116024398287,-0.0024757090250414433],[-0.0019763073803924533,-0.0024757090250414433,0.0015440554330048996]]},"125":{"mean":[28.93033526032965,11.507595299148742,1.888930798094318],"cov":[[0.4360886195739046,0.11522394706606902,0.013619408604646643],[0.11522394706606902,0.12442502217962835,0.004324161570299746],[0.013619408604646643,0.004324161570299746,0.003962153851698255]]},"126":{"mean":[28.93033526032965,11.507595299148742,1.888930798094318],"cov":[[0.4360886195739046,0.11522394706606902,0.013619408604646643],[0.11522394706606902,0.12442502217962835,0.004324161570299746],[0.013619408604646643,0.004324161570299746,0.003962153851698255]]},"127":{"mean":[27.178959377462753,10.64823066949031,3.6566152841703206],"cov":[[0.36319772236225806,0.08278796351423437,0.02789120503257696],[0.08278796351423437,0.10961054162648866,0.010421175689798437],[0.02789120503257696,0.010421175689798437,0.006151989190062546]]},"128":{"mean":[14.471321688669336,5.233419300873504,0.5802545230756584],"cov":[[0.1327956631934249,-0.01550679182696118,0.0002891840011978178],[-0.01550679182696118,0.06539352740842042,-0.001466845441086137],[0.0002891840011978178,-0.001466845441086137,0.0011612221843555922]]},"129":{"mean":[24.826471840415316,9.583735893556268,4.038066051590476],"cov":[[0.2854198199084242,0.049128260273920595,0.023785253967972465],[0.049128260273920595,0.09453194420061382,0.0086043489661521],[0.023785253967972465,0.0086043489661521,0.005890724112483956]]},"130":{"mean":[15.887479235452464,5.785609469934268,-0.22236163111518192],"cov":[[0.14121922580404528,-0.012013521029435783,-0.0011228730614537235],[-0.012013521029435783,0.06701713246975871,-0.0020757116220508935],[-0.0011228730614537235,-0.0020757116220508935,0.001416127813446215]]},"131":{"mean":[25.367926537010124,9.777786070298875,3.848039170495399],"cov":[[0.30137551031259413,0.05563707519337315,0.023987103229594436],[0.05563707519337315,0.09728777964784105,0.00865364496988949],[0.023987103229594436,0.00865364496988949,0.005752986933790365]]},"132":{"mean":[13.674127678497527,4.808701187223634,-0.632588120107732],"cov":[[0.1290367841364403,-0.0171861920652948,-0.000906602564298329],[-0.0171861920652948,0.06454654060939112,-0.001981199556547476],[-0.000906602564298329,-0.001981199556547476,0.0012334894604521644]]},"133":{"mean":[26.420803154829283,10.058971041155644,3.915765737730109],"cov":[[0.3356860875372444,0.0687544969346862,0.02778378782751434],[0.0687544969346862,0.10246416428765578,0.01009249065867524],[0.02778378782751434,0.01009249065867524,0.006353776220791053]]},"134":{"mean":[25.039148255409117,9.363082454233139,3.9244274186064145],"cov":[[0.2914965826960947,0.049463086827632216,0.023589681936981126],[0.049463086827632216,0.09375260522653815,0.008219766433492901],[0.023589681936981126,0.008219766433492901,0.005742781977298091]]},"135":{"mean":[27.61628487037773,10.2007430966458,4.763270202246899],"cov":[[0.3803611641498912,0.08386420620438856,0.04025265280576596],[0.08386420620438856,0.10759246546140531,0.014791278907382324],[0.04025265280576596,0.014791278907382324,0.009193354730473448]]},"136":{"mean":[25.42244653358469,9.305581177016046,4.537690774930684],"cov":[[0.3031052306215044,0.052604741384217606,0.029404697969013297],[0.052604741384217606,0.09445829659579566,0.010378153871201003],[0.029404697969013297,0.010378153871201003,0.007256198333547415]]},"137":{"mean":[12.610050000331256,4.141503635784803,-0.3178229751171713],"cov":[[0.12506124851023995,-0.019010119416451497,-0.00032980837079150363],[-0.019010119416451497,0.06359079993534328,-0.0017178541003332267],[-0.00032980837079150363,-0.0017178541003332267,0.0010502706848049118]]},"138":{"mean":[12.610050000331256,4.141503635784803,-0.3178229751171713],"cov":[[0.12506124851023995,-0.019010119416451497,-0.00032980837079150363],[-0.019010119416451497,0.06359079993534328,-0.0017178541003332267],[-0.00032980837079150363,-0.0017178541003332267,0.0010502706848049118]]},"139":{"mean":[13.261787735934403,4.399809700276432,0.2687937271623148],"cov":[[0.12738261696403422,-0.01808879984274019,5.430919561908999e-5],[-0.01808879984274019,0.06402435036386317,-0.0015583302171081428],[5.430919561908999e-5,-0.0015583302171081428,0.0010481722497445336]]},"140":{"mean":[24.49938178864119,8.747680039748007,4.727415273176855],"cov":[[0.27628593739415735,0.04053625540908816,0.02750225185109261],[0.04053625540908816,0.08889304310559597,0.009394934422846855],[0.02750225185109261,0.009394934422846855,0.0071765804250539115]]},"141":{"mean":[24.436085535457966,8.671461756801724,4.5656786679084975],"cov":[[0.27451787291122054,0.03949636560680324,0.02619016344440297],[0.03949636560680324,0.08832451504052193,0.00881560557307565],[0.02619016344440297,0.00881560557307565,0.00676879246789465]]},"142":{"mean":[12.441521511528686,3.9965713140350467,-0.2726630668677147],"cov":[[0.12452262281784462,-0.019280500919087062,-0.00025977652185145184],[-0.019280500919087062,0.0634401087809751,-0.0016838714773923552],[-0.00025977652185145184,-0.0016838714773923552,0.0010250649135942868]]},"143":{"mean":[12.421091776342397,3.977390492448997,-0.18147349383450695],"cov":[[0.12446042970850066,-0.019312795699503206,-0.00018884488469076723],[-0.019312795699503206,0.06342161672803619,-0.0016543280076329301],[-0.00018884488469076723,-0.0016543280076329301,0.001010875676460151]]},"144":{"mean":[23.561963936511127,8.294107566210979,6.153014881688118],"cov":[[0.25235581291220704,0.030564965018375218,0.03294674615290074],[0.030564965018375218,0.08461438012543206,0.011452577010400337],[0.03294674615290074,0.011452577010400337,0.01027736754641725]]},"145":{"mean":[12.395132750795895,3.9110105476889343,-0.09237790881761121],"cov":[[0.12437988988459756,-0.019384542363614334,-0.00011920359161834592],[-0.019384542363614334,0.0633725615649345,-0.0016229393287447206],[-0.00011920359161834592,-0.0016229393287447206,0.0009965327181539472]]},"146":{"mean":[26.98758108902619,9.301368322128813,3.25192048555438],"cov":[[0.35564231220194875,0.0679917072724237,0.023544000325780447],[0.0679917072724237,0.09868923519806772,0.007424243223754779],[0.023544000325780447,0.007424243223754779,0.005202565663080221]]},"147":{"mean":[13.022691411620457,4.067917891002859,0.7918503661846648],"cov":[[0.1264949255735136,-0.018643949069367175,0.0005312326417422473],[-0.018643949069367175,0.06369068522470378,-0.001362118389794285],[0.0005312326417422473,-0.001362118389794285,0.0010035177525887196]]},"14